              precision    recall  f1-score   support

         0-2       0.72      0.64      0.68       199
       10-19       0.41      0.24      0.31      1181
       20-29       0.56      0.65      0.60      3300
         3-9       0.71      0.77      0.74      1356
       30-39       0.41      0.43      0.42      2330
       40-49       0.40      0.40      0.40      1353
       50-59       0.44      0.47      0.45       796
       60-69       0.41      0.29      0.34       321
more than 70       0.82      0.08      0.14       118

    accuracy                           0.51     10954
   macro avg       0.54      0.44      0.45     10954
weighted avg       0.51      0.51      0.50     10954
