              precision    recall  f1-score   support

         0-2       0.78      0.75      0.76       199
       10-19       0.52      0.36      0.42      1181
       20-29       0.61      0.74      0.67      3300
         3-9       0.78      0.80      0.79      1356
       30-39       0.46      0.43      0.44      2330
       40-49       0.45      0.37      0.41      1353
       50-59       0.46      0.49      0.48       796
       60-69       0.44      0.42      0.43       321
more than 70       0.58      0.29      0.38       118

    accuracy                           0.56     10954
   macro avg       0.56      0.52      0.53     10954
weighted avg       0.55      0.56      0.55     10954
